1 -> (2)
2 -> (1,3)
3 -> (2,4,5)
4 -> (3)
5 -> (3,6,7)
6 -> (5)
7 -> (5,8)
8 -> (9)
9 -> (10)
10 -> (11)
11 -> (10,13)
12 -> (13)
13 -> (12)
14 -> (15)
15 -> (16,19)
16 -> (15,17)
17 -> (16,18,26)
18 -> (17)
19 -> (20,27,15)
20 -> (19,21)
21 -> (20,22)
22 -> (21,30)
23 -> (18,24)
24 -> (23,25,26)
25 -> (24,28)
26 -> (17,24)
27 -> (19,28)
28 -> (25,29,35)
29 -> (28,30)
30 -> (22,29,34)
31 -> ()
32 -> (33)
33 -> (34)
34 -> (33,30,35)
35 -> (34,28,36)
36 -> (35,162,37)
37 -> (38,178)
38 -> (183)
39 -> (128)
40 -> (41)
41 -> (42,132)
42 -> (43,134)
43 -> (44,136)
44 -> (45,138)
45 -> (46,47)
46 -> (47,48)
47 -> (46, 418)
48 -> (49,51)
49 -> (48,418,51)
50 -> () // 
51 -> (54)
52 -> ()
53 -> (52, 419)
54 -> (55,420)
55 -> (53,56)
56 -> (57,102)
57 -> (58,100)
58 -> (59)
59 -> (60,95)
60 -> (61,74)
61 -> (62,70)
62 -> (63,67)
63 -> (64)
64 -> (65,89)
65 -> (64,66)
66 -> (65,67,88)
67 -> (66,68,90)
68 -> (67,69)
69 -> (68,70)
70 -> (69,71)
71 -> (70,72)
72 -> (71,73,78)
73 -> (72,74,77)
74 -> (60,73,75)
75 -> (74,76)
76 -> (75,93,95)
77 -> (73,78,81,93)
78 -> (72,77,79)
79 -> (71,78,84)
80 -> ()
81 -> (77,82,92)
82 -> (81,83)
83 -> (82,85)
84 -> (79,83,90)
85 -> (83,86)
86 -> (85,87)
87 -> (86,88)
88 -> (66,87,89)
89 -> (88)
90 -> (67,84,91)
91 -> (90)
92 -> (81,93,96)
93 -> (77,92,97)
94 -> ()
95 -> (59,76,99)
96 -> (92,97,104)
97 -> (93,96,98)
98 -> (97,103)
99 -> (95,98,100)
100 -> (57,99,101)
101 -> (100,102)
102 -> (56,101,103)
103 -> (98,102,104)
104 -> (96,103)
105 -> (106)
106 -> (105,107)
107 -> (106,108)
108 -> (421,107)
109 -> (110,249)
110 -> (109,274)
111 -> (110,112)
112 -> (111,113)
113 -> (112,114,425)
114 -> (113,115,422)
115 -> (114,116)
116 -> (115,117)
117 -> (116,118,156,258)
118 -> (117,119,256)
119 -> (118,120,255)
120 -> (119,155,121)
121 -> (120,122,448)
122 -> (121,123,253)
123 -> (124,189,122)
124 -> (125,123,166)
125 -> (126,124,153)
126 -> (127,125,428)
127 -> (126,128,184)
128 -> (127,129,39)
129 -> (128,130,131)
130 -> (129,132)
131 -> (129,133,150)
132 -> (41,133)
133 -> (131,132,134,148)
134 -> (42,133,135)
135 -> (134,136,144)
136 -> (43,135,137)
137 -> (136,138,143)
138 -> (137,44,142)
139 -> (140)
140 -> (139,141)
141 -> (140,142)
142 -> (138,141,143)
143 -> (142)
144 -> (135,146)
145 -> (147,422)
146 -> (144,147,148)
147 -> (145,146,149,157)
148 -> (146,149,150)
149 -> (147,148,151)
150 -> (131,148,152,151)
151 -> (149,150,153,158)
152 -> (150,153)
153 -> (125,151,152,154)
154 -> (153,155)
155 -> (120,156,158)
156 -> (155,157,117)
157 -> (147,158,156)
158 -> (151,155,157)
159 -> (203,160,163)
160 -> (159,161,168)
161 -> (160,162,171)
162 -> (36,161,172)
163 -> (159,167,164)
164 -> (165,168,176,205)
165 -> (164,166,187,215)
166 -> (124,165,188)
167 -> (163,168,169)
168 -> (160,167,170)
169 -> (167,170,176)
170 -> (168,169,171)
171 -> (161,177,174,170)
172 -> (162,173)
173 -> (172,174)
174 -> (173,171,175)
175 -> (174,178,429)
176 -> (164,169,177,182)
177 -> (176,178,181,429)
178 -> (37,175,177)
179 -> (178,180,183)
180 -> (179,181,184)
181 -> (177,180,182,185)
182 -> (176,181,187)
183 -> (38,179,184)
184 -> (180,183,185)
185 -> (181,184,428)
186 -> (187,430,188)
187 -> (182,186,165)
188 -> (166,186,428)
189 -> (123,190,213)
190 -> (189,191,251)
191 -> (190,210,447,192)
192 -> (191,193,209)
193 -> (192,194,232)
194 -> (193,195)
195 -> (194,196,207)
196 -> (197,195,216)
197 -> (196,198)
198 -> (197,199)
199 -> (198,200)
200 -> (201)
201 -> (202,223)
202 -> (231,203)
203 -> ()
204 -> () //
205 -> (164,206,214)
206 -> (205,211,208)
207 -> (208,209,195)
208 -> (207,206)
209 -> (207,210,192)
210 -> (209,211,191)
211 -> (206,210,212)
212 -> (211,213,214)
213 -> (212,215,189)
214 -> (205,212,215)
215 -> (213,214,165)
216 -> (196,217)
217 -> (218)
218 -> (219)
219 -> (216,220)
220 -> (221,219)
221 -> (220,222)
222 -> (221,223)
223 -> (222,226,224,201)
224 -> (223,225)
225 -> (224,226,227)
226 -> (223,225,228)
227 -> (225,228)
228 -> (226,227)
229 -> (230)
230 -> (229)
231 -> (202,230)
232 -> (193,314,233)
233 -> (232,234,336)
234 -> (233,236,337,235)
235 -> (234,236,250)
236 -> (235,237,339)
237 -> (236,238,263)
238 -> (237,239,340)
239 -> (238,240)
240 -> (239,241,333)
241 -> (240,242)
242 -> (241,243,268)
243 -> (242,244)
244 -> (243,245)
245 -> (244,246)
246 -> (431,245,247)
247 -> (246,271,433)
248 -> (433,267)
249 -> (248,272,109)
250 -> (235,263,447)
251 -> (190,252)
252 -> (251,253)
253 -> (122,252)
254 -> (448,255)
255 -> (119,254)
256 -> (257,118)
257 -> (256,258,259)
258 -> (117,257,266)
259 -> (257,260,264)
260 -> (259,261)
261 -> (260,263,265)
262 -> () \\ 
263 -> (261,250,237)
264 -> (259,265)
265 -> (264,261)
266 -> (258)
267 -> (112,248)
268 -> (242,269)
269 -> (268)
270 -> (271)
271 -> (270,247)
272 -> (273,275)
273 -> (272,274)
274 -> (110,275,273)
275 -> (272,274)
276 -> () \\
277 -> (108)
278 -> (277,456)
279 -> (278,362)
280 -> () \\
281 -> ()  \\
282 -> ()  \\
283 -> (367,289,457)
284 -> (367,285)
285 -> (284,286)
286 -> (285,287)
287 -> (286,288)
288 -> (287,289,367)
289 -> (288,283)
290 -> (292,291)
291 -> (290,293)
292 -> (290,296,308,293)
293 -> (291,292,294,434)
294 -> (293,410)
295 -> ()\\
296 -> (292,297)
297 -> (296,298)
298 -> (297,299)
299 -> (298,300)
300 -> (299,301,317)
301 -> (300,302)
302 -> (301,303)
303 -> (302,304)
304 -> (303,305)
305 -> (304,306,444)
306 -> (305,307)
307 -> (412,306)
308 -> (292,309,435)
309 -> (308,436)
310 -> (435,311,437)
311 -> (310,312,314)
312 -> (437,311,438)
313 -> (316)
314 -> (311,315)
315 -> (314,318,316)
316 -> (313,317,315)
317 -> (300,316)
318 -> (315,319,336)
319 -> (318,337,325,320)
320 -> (319,321)
321 -> (320,322,440)
322 -> (321,323)
323 -> (322,324,440)
324 -> (323,302)
325 -> (319,332,339)
326 -> (327)
327 -> (326,329)
328 -> (303)
329 -> (327,330)
330 -> (329,304,441)
331 -> (442)
332 -> (335,443)
333 -> (443,240,444)
334 -> () \\
335 -> () \\
336 -> (233,318)
337 -> (336,234,319)
338 -> () \\
339 -> (325,337,236)
340 -> (339,443,238)
341 -> () \\
342 -> () \\ 
343 -> ()  \\ 
344 -> ()  \\
345 -> (347)
346 -> (345)
347 -> (307)
348 -> (401)
349 -> (413)
350 -> (349)
351 -> (350,445)
352 -> () \\
353 -> () \\
354 -> () \\
355 -> () \\
356 -> () \\ 
357 -> ()  \\
358 -> () \\
359 -> () \\ 
360 -> (361)
361 -> (279)
362 -> (279,363)
363 -> (362,364,451)
364 -> (363,365,455)
365 -> (364)
366 -> () \\
367 -> (283,288,284)
368 -> ()\\
369 -> ()\\
370 -> ()\\
371 -> (414,390)
372 -> (371,389)
373 -> (372,387)
374 -> (373)
375 -> (374)
376 -> (375)
377 -> (415,378)
378 -> (380,377)
379 -> (377)
380 -> (378,381)
381 -> (380,382,391)
382 -> (381,383,376)
383 -> (382,384)
384 -> (383,375,385)
385 -> (384,386,449)
386 -> (385,387)
387 -> (386,389,378,398)
388 -> (389,390)
389 -> (387,388,372)
390 -> (388,371,360)
391 -> (381,392,393)
392 -> (391,393)
393 -> (392)
394 -> (395,385,450)
395 -> (394,396,446)
396 -> (395)
397 -> (446,398)
398 -> (397,387)
399 -> (400)
400 -> (401)
401 -> (402)
402 -> (403)
403 -> (404)
404 -> (405)
405 -> (406)
406 -> ()
407 -> (406,408)
408 -> (379)
409 -> (407,408)
410 -> ()
411 -> (294,410)
412 -> (411)
413 -> (408,346)
414 -> (360)
415 -> (376)
416 -> (417)
417 -> (109)
418 -> (47,49)
419 -> (52)
420 -> (421,54)
421 -> (418)
422 -> (145,428,114)
423 -> (422,424)
424 -> (423,426,425)
425 -> (424,427,113)
426 -> (424,427)
427 -> (425,426)
428 -> (185,126,188)
429 -> (171,177,175)
430 -> (181,182,186)
431 -> (351,432)
432 -> (279,348)
433 -> (247,277)
434 -> (298,411)
435 -> (308,310)
436 -> (309,297)
437 -> (310,312)
438 -> (439,312)
439 -> (438,299)
440 -> (323,321)
441 -> (442,330)
442 -> (441,331)
443 -> (332,333)
444 -> (305,333)
445 -> (351)
446 -> (395,397)
447 -> (191,250)
448 -> (121,254)
449 -> (385,450)
450 -> (394,449)
451 -> (368,452) 
452 -> (451,453) 
453 -> (452,454)
454 -> (453,455)
455 -> (454,364)
456 -> (278,457)
457 -> (456,283)


